           1
 res           0           0  0.000000000000000E+000
           1
 alphafl           1           1  0.000000000000000E+000
           1
 alphafl           1           2  0.000000000000000E+000
           1
 alphafl           1           3  0.000000000000000E+000
           1
 alphafl           1           4  0.000000000000000E+000
           1
 alphafl           1           5  0.000000000000000E+000
           1
 alphafl           2           1  0.000000000000000E+000
           1
 alphafl           2           2  0.000000000000000E+000
           1
 alphafl           2           3  0.000000000000000E+000
           1
 alphafl           2           4  0.000000000000000E+000
           1
 alphafl           2           5  0.000000000000000E+000
           1
 alphafl           3           1  0.000000000000000E+000
           1
 alphafl           3           2  0.000000000000000E+000
           1
 alphafl           3           3  0.000000000000000E+000
           1
 alphafl           3           4  0.000000000000000E+000
           1
 alphafl           3           5  0.000000000000000E+000
           1
 alphafl           4           1  0.000000000000000E+000
           1
 alphafl           4           2  0.000000000000000E+000
           1
 alphafl           4           3  0.000000000000000E+000
           1
 alphafl           4           4  0.000000000000000E+000
           1
 alphafl           4           5  0.000000000000000E+000
           1
 alphafl           5           1  0.000000000000000E+000
           1
 alphafl           5           2  0.000000000000000E+000
           1
 alphafl           5           3  0.000000000000000E+000
           1
 alphafl           5           4  0.000000000000000E+000
           1
 alphafl           5           5  0.000000000000000E+000
           1
 alphafl           6           1  0.000000000000000E+000
           1
 alphafl           6           2  0.000000000000000E+000
           1
 alphafl           6           3  0.000000000000000E+000
           1
 alphafl           6           4  0.000000000000000E+000
           1
 alphafl           6           5  0.000000000000000E+000
           1
 alphafl           7           1  0.000000000000000E+000
           1
 alphafl           7           2  0.000000000000000E+000
           1
 alphafl           7           3  0.000000000000000E+000
           1
 alphafl           7           4  0.000000000000000E+000
           1
 alphafl           7           5  0.000000000000000E+000
           1
 alphafl           8           1  0.000000000000000E+000
           1
 alphafl           8           2  0.000000000000000E+000
           1
 alphafl           8           3  0.000000000000000E+000
           1
 alphafl           8           4  0.000000000000000E+000
           1
 alphafl           8           5  0.000000000000000E+000
           1
 alphafl           9           1  0.000000000000000E+000
           1
 alphafl           9           2  0.000000000000000E+000
           1
 alphafl           9           3  0.000000000000000E+000
           1
 alphafl           9           4  0.000000000000000E+000
           1
 alphafl           9           5  0.000000000000000E+000
